1.000000000000000000e+00
0.000000000000000000e+00
1.000000000000000000e+00
0.000000000000000000e+00
0.000000000000000000e+00
0.000000000000000000e+00
1.000000000000000000e+00
0.000000000000000000e+00
0.000000000000000000e+00
2.000000000000000000e+00
1.000000000000000000e+00
1.000000000000000000e+00
2.000000000000000000e+00
0.000000000000000000e+00
1.000000000000000000e+00
1.000000000000000000e+00
1.000000000000000000e+00
2.000000000000000000e+00
0.000000000000000000e+00
3.000000000000000000e+00
0.000000000000000000e+00
0.000000000000000000e+00
2.000000000000000000e+00
2.000000000000000000e+00
1.000000000000000000e+00
1.000000000000000000e+00
1.000000000000000000e+00
1.000000000000000000e+00
4.000000000000000000e+00
1.000000000000000000e+00
3.000000000000000000e+00
1.600000000000000000e+01
1.000000000000000000e+01
1.100000000000000000e+01
9.000000000000000000e+00
6.000000000000000000e+00
9.000000000000000000e+00
1.500000000000000000e+01
9.000000000000000000e+00
3.000000000000000000e+00
2.100000000000000000e+01
1.300000000000000000e+01
2.300000000000000000e+01
2.400000000000000000e+01
1.800000000000000000e+01
3.500000000000000000e+01
2.100000000000000000e+01
2.700000000000000000e+01
2.700000000000000000e+01
1.800000000000000000e+01
5.300000000000000000e+01
5.900000000000000000e+01
5.800000000000000000e+01
7.300000000000000000e+01
1.060000000000000000e+02
1.280000000000000000e+02
1.460000000000000000e+02
1.790000000000000000e+02
3.170000000000000000e+02
2.470000000000000000e+02
6.850000000000000000e+02
8.020000000000000000e+02
8.000000000000000000e+02
9.490000000000000000e+02
1.279000000000000000e+03
1.611000000000000000e+03
1.857000000000000000e+03
2.185000000000000000e+03
3.384000000000000000e+03
4.637000000000000000e+03
4.704000000000000000e+03
5.918000000000000000e+03
7.747000000000000000e+03
7.422000000000000000e+03
7.831000000000000000e+03
9.418000000000000000e+03
8.792000000000000000e+03
8.905000000000000000e+03
8.625000000000000000e+03
1.057500000000000000e+04
7.386000000000000000e+03
6.760000000000000000e+03
8.213000000000000000e+03
7.091000000000000000e+03
6.905000000000000000e+03
6.323000000000000000e+03
6.022000000000000000e+03
5.344000000000000000e+03
4.242000000000000000e+03
5.114000000000000000e+03
4.405000000000000000e+03
5.449000000000000000e+03
4.423000000000000000e+03
4.458000000000000000e+03
3.655000000000000000e+03
3.202000000000000000e+03
3.525000000000000000e+03
3.198000000000000000e+03
3.468000000000000000e+03
3.283000000000000000e+03
3.169000000000000000e+03
2.872000000000000000e+03
2.254000000000000000e+03
2.175000000000000000e+03
2.253000000000000000e+03
2.352000000000000000e+03
2.278000000000000000e+03
1.919000000000000000e+03
1.659000000000000000e+03
1.145000000000000000e+03
1.465000000000000000e+03
1.319000000000000000e+03
1.472000000000000000e+03
1.184000000000000000e+03
1.114000000000000000e+03
7.510000000000000000e+02
5.550000000000000000e+02
6.950000000000000000e+02
8.510000000000000000e+02
7.500000000000000000e+02
7.390000000000000000e+02
7.170000000000000000e+02
6.590000000000000000e+02
4.470000000000000000e+02
4.920000000000000000e+02
3.000000000000000000e+02
2.940000000000000000e+02
2.990000000000000000e+02
3.800000000000000000e+02
3.440000000000000000e+02
3.580000000000000000e+02
9.020000000000000000e+02
6.190000000000000000e+02
5.910000000000000000e+02
5.240000000000000000e+02
6.050000000000000000e+02
4.040000000000000000e+02
3.630000000000000000e+02
6.100000000000000000e+02
6.230000000000000000e+02
4.880000000000000000e+02
4.960000000000000000e+02
6.100000000000000000e+02
3.850000000000000000e+02
3.400000000000000000e+02
5.570000000000000000e+02
5.980000000000000000e+02
4.150000000000000000e+02
5.320000000000000000e+02
5.350000000000000000e+02
3.550000000000000000e+02
2.770000000000000000e+02
4.330000000000000000e+02
4.400000000000000000e+02
4.500000000000000000e+02
3.760000000000000000e+02
4.780000000000000000e+02
2.730000000000000000e+02
2.400000000000000000e+02
4.060000000000000000e+02
3.650000000000000000e+02
3.360000000000000000e+02
2.960000000000000000e+02
3.750000000000000000e+02
2.020000000000000000e+02
2.170000000000000000e+02
3.650000000000000000e+02
3.440000000000000000e+02
3.250000000000000000e+02
