0.000000000000000000e+00
0.000000000000000000e+00
0.000000000000000000e+00
0.000000000000000000e+00
0.000000000000000000e+00
2.000000000000000000e+00
2.000000000000000000e+00
2.000000000000000000e+00
3.000000000000000000e+00
4.000000000000000000e+00
8.000000000000000000e+00
9.000000000000000000e+00
9.000000000000000000e+00
2.000000000000000000e+00
1.800000000000000000e+01
1.900000000000000000e+01
3.400000000000000000e+01
5.700000000000000000e+01
7.600000000000000000e+01
8.600000000000000000e+01
1.170000000000000000e+02
1.940000000000000000e+02
1.430000000000000000e+02
2.350000000000000000e+02
2.600000000000000000e+02
3.200000000000000000e+02
4.600000000000000000e+02
3.020000000000000000e+02
6.330000000000000000e+02
5.490000000000000000e+02
7.240000000000000000e+02
9.020000000000000000e+02
7.920000000000000000e+02
4.460000000000000000e+02
1.035000000000000000e+03
8.080000000000000000e+02
7.830000000000000000e+02
8.520000000000000000e+02
6.380000000000000000e+02
7.540000000000000000e+02
4.520000000000000000e+02
7.120000000000000000e+02
6.990000000000000000e+02
8.150000000000000000e+02
1.516000000000000000e+03
5.150000000000000000e+02
5.980000000000000000e+02
3.490000000000000000e+02
5.140000000000000000e+02
6.430000000000000000e+02
7.500000000000000000e+02
1.810000000000000000e+02
6.630000000000000000e+02
5.210000000000000000e+02
6.570000000000000000e+02
5.160000000000000000e+02
6.030000000000000000e+02
3.710000000000000000e+02
4.440000000000000000e+02
4.740000000000000000e+02
4.120000000000000000e+02
1.630000000000000000e+02
2.950000000000000000e+02
1.830000000000000000e+02
3.680000000000000000e+02
2.950000000000000000e+02
2.030000000000000000e+02
9.200000000000000000e+01
2.420000000000000000e+02
1.780000000000000000e+02
4.800000000000000000e+02
5.330000000000000000e+02
5.530000000000000000e+02
1.380000000000000000e+02
1.750000000000000000e+02
9.800000000000000000e+01
2.340000000000000000e+02
2.190000000000000000e+02
1.870000000000000000e+02
2.640000000000000000e+02
2.270000000000000000e+02
2.260000000000000000e+02
1.730000000000000000e+02
2.230000000000000000e+02
2.280000000000000000e+02
2.520000000000000000e+02
2.880000000000000000e+02
2.710000000000000000e+02
1.520000000000000000e+02
1.650000000000000000e+02
2.190000000000000000e+02
2.850000000000000000e+02
3.040000000000000000e+02
3.500000000000000000e+02
2.570000000000000000e+02
2.970000000000000000e+02
2.000000000000000000e+02
1.950000000000000000e+02
3.660000000000000000e+02
3.310000000000000000e+02
3.770000000000000000e+02
3.820000000000000000e+02
3.420000000000000000e+02
1.920000000000000000e+02
4.210000000000000000e+02
2.940000000000000000e+02
3.100000000000000000e+02
2.700000000000000000e+02
2.830000000000000000e+02
2.270000000000000000e+02
3.460000000000000000e+02
3.000000000000000000e+02
3.360000000000000000e+02
4.170000000000000000e+02
3.750000000000000000e+02
3.770000000000000000e+02
2.920000000000000000e+02
2.590000000000000000e+02
3.450000000000000000e+02
3.670000000000000000e+02
3.110000000000000000e+02
4.510000000000000000e+02
3.230000000000000000e+02
4.570000000000000000e+02
2.660000000000000000e+02
2.590000000000000000e+02
3.520000000000000000e+02
3.780000000000000000e+02
4.550000000000000000e+02
4.130000000000000000e+02
3.280000000000000000e+02
2.320000000000000000e+02
2.870000000000000000e+02
4.430000000000000000e+02
4.180000000000000000e+02
4.020000000000000000e+02
3.420000000000000000e+02
2.910000000000000000e+02
3.060000000000000000e+02
2.330000000000000000e+02
3.750000000000000000e+02
3.390000000000000000e+02
3.120000000000000000e+02
3.130000000000000000e+02
2.460000000000000000e+02
1.350000000000000000e+02
1.270000000000000000e+02
2.520000000000000000e+02
2.290000000000000000e+02
3.130000000000000000e+02
2.630000000000000000e+02
2.090000000000000000e+02
1.350000000000000000e+02
1.110000000000000000e+02
2.030000000000000000e+02
2.550000000000000000e+02
2.040000000000000000e+02
2.380000000000000000e+02
1.530000000000000000e+02
1.060000000000000000e+02
1.120000000000000000e+02
1.670000000000000000e+02
2.130000000000000000e+02
2.900000000000000000e+02
1.860000000000000000e+02
1.310000000000000000e+02
1.570000000000000000e+02
1.200000000000000000e+02
2.780000000000000000e+02
