1.000000000000000000e+00
1.000000000000000000e+00
2.000000000000000000e+00
2.000000000000000000e+00
5.000000000000000000e+00
1.000000000000000000e+00
1.000000000000000000e+00
4.000000000000000000e+00
2.000000000000000000e+00
1.000000000000000000e+00
1.000000000000000000e+00
1.000000000000000000e+00
3.000000000000000000e+00
1.000000000000000000e+00
1.000000000000000000e+00
2.000000000000000000e+00
1.000000000000000000e+00
2.000000000000000000e+00
1.000000000000000000e+00
3.000000000000000000e+00
7.000000000000000000e+00
2.400000000000000000e+01
4.700000000000000000e+01
2.300000000000000000e+01
3.500000000000000000e+01
4.200000000000000000e+01
8.400000000000000000e+01
1.570000000000000000e+02
1.860000000000000000e+02
1.870000000000000000e+02
1.420000000000000000e+02
1.030000000000000000e+02
3.470000000000000000e+02
5.950000000000000000e+02
7.560000000000000000e+02
9.910000000000000000e+02
1.461000000000000000e+03
1.302000000000000000e+03
9.800000000000000000e+02
2.038000000000000000e+03
3.025000000000000000e+03
3.601000000000000000e+03
4.057000000000000000e+03
4.051000000000000000e+03
3.354000000000000000e+03
2.262000000000000000e+03
3.730000000000000000e+03
4.879000000000000000e+03
5.679000000000000000e+03
5.900000000000000000e+03
5.977000000000000000e+03
4.722000000000000000e+03
3.075000000000000000e+03
4.118000000000000000e+03
6.060000000000000000e+03
6.256000000000000000e+03
6.550000000000000000e+03
6.190000000000000000e+03
4.343000000000000000e+03
2.535000000000000000e+03
3.656000000000000000e+03
5.184000000000000000e+03
5.277000000000000000e+03
4.902000000000000000e+03
3.357000000000000000e+03
2.886000000000000000e+03
1.866000000000000000e+03
1.598000000000000000e+03
2.467000000000000000e+03
3.324000000000000000e+03
3.419000000000000000e+03
3.044000000000000000e+03
2.107000000000000000e+03
1.376000000000000000e+03
1.710000000000000000e+03
2.184000000000000000e+03
2.487000000000000000e+03
2.089000000000000000e+03
1.905000000000000000e+03
1.271000000000000000e+03
7.040000000000000000e+02
1.117000000000000000e+03
1.462000000000000000e+03
1.431000000000000000e+03
1.460000000000000000e+03
9.190000000000000000e+02
6.200000000000000000e+02
4.250000000000000000e+02
7.280000000000000000e+02
1.089000000000000000e+03
1.220000000000000000e+03
1.197000000000000000e+03
9.780000000000000000e+02
6.770000000000000000e+02
3.410000000000000000e+02
6.840000000000000000e+02
8.530000000000000000e+02
9.090000000000000000e+02
8.080000000000000000e+02
7.280000000000000000e+02
4.610000000000000000e+02
3.160000000000000000e+02
5.440000000000000000e+02
7.290000000000000000e+02
8.300000000000000000e+02
4.190000000000000000e+02
5.250000000000000000e+02
3.370000000000000000e+02
2.180000000000000000e+02
4.120000000000000000e+02
6.180000000000000000e+02
6.510000000000000000e+02
5.300000000000000000e+02
4.450000000000000000e+02
3.730000000000000000e+02
1.780000000000000000e+02
1.350000000000000000e+02
3.060000000000000000e+02
4.970000000000000000e+02
5.270000000000000000e+02
4.370000000000000000e+02
2.850000000000000000e+02
1.640000000000000000e+02
2.960000000000000000e+02
4.260000000000000000e+02
5.180000000000000000e+02
2.810000000000000000e+02
3.520000000000000000e+02
2.990000000000000000e+02
1.720000000000000000e+02
2.590000000000000000e+02
5.190000000000000000e+02
8.640000000000000000e+02
7.630000000000000000e+02
9.900000000000000000e+02
5.680000000000000000e+02
2.220000000000000000e+02
4.440000000000000000e+02
5.450000000000000000e+02
5.060000000000000000e+02
5.710000000000000000e+02
5.740000000000000000e+02
3.240000000000000000e+02
2.010000000000000000e+02
4.150000000000000000e+02
4.580000000000000000e+02
4.830000000000000000e+02
4.720000000000000000e+02
4.270000000000000000e+02
2.930000000000000000e+02
1.430000000000000000e+02
3.230000000000000000e+02
3.920000000000000000e+02
4.500000000000000000e+02
4.250000000000000000e+02
4.250000000000000000e+02
2.770000000000000000e+02
1.310000000000000000e+02
3.290000000000000000e+02
4.680000000000000000e+02
5.410000000000000000e+02
5.560000000000000000e+02
5.250000000000000000e+02
4.430000000000000000e+02
1.790000000000000000e+02
4.560000000000000000e+02
5.240000000000000000e+02
6.990000000000000000e+02
6.940000000000000000e+02
