2.290000000000000000e+02
9.300000000000000000e+01
7.800000000000000000e+01
2.500000000000000000e+02
2.380000000000000000e+02
2.400000000000000000e+02
5.660000000000000000e+02
3.420000000000000000e+02
4.660000000000000000e+02
5.870000000000000000e+02
7.690000000000000000e+02
7.780000000000000000e+02
1.247000000000000000e+03
1.492000000000000000e+03
1.797000000000000000e+03
9.770000000000000000e+02
2.313000000000000000e+03
2.651000000000000000e+03
2.547000000000000000e+03
3.497000000000000000e+03
3.590000000000000000e+03
3.233000000000000000e+03
3.526000000000000000e+03
4.207000000000000000e+03
5.322000000000000000e+03
5.986000000000000000e+03
6.557000000000000000e+03
5.560000000000000000e+03
4.789000000000000000e+03
5.249000000000000000e+03
5.210000000000000000e+03
6.153000000000000000e+03
5.959000000000000000e+03
5.974000000000000000e+03
5.217000000000000000e+03
4.050000000000000000e+03
4.053000000000000000e+03
4.782000000000000000e+03
4.668000000000000000e+03
4.585000000000000000e+03
4.805000000000000000e+03
4.316000000000000000e+03
3.599000000000000000e+03
3.039000000000000000e+03
3.836000000000000000e+03
4.204000000000000000e+03
3.951000000000000000e+03
4.694000000000000000e+03
4.092000000000000000e+03
3.153000000000000000e+03
2.972000000000000000e+03
2.667000000000000000e+03
3.786000000000000000e+03
3.493000000000000000e+03
3.491000000000000000e+03
3.047000000000000000e+03
2.256000000000000000e+03
2.729000000000000000e+03
3.370000000000000000e+03
2.646000000000000000e+03
3.021000000000000000e+03
2.357000000000000000e+03
2.324000000000000000e+03
1.739000000000000000e+03
2.091000000000000000e+03
2.086000000000000000e+03
1.872000000000000000e+03
1.965000000000000000e+03
1.900000000000000000e+03
1.389000000000000000e+03
1.221000000000000000e+03
1.075000000000000000e+03
1.444000000000000000e+03
1.401000000000000000e+03
1.327000000000000000e+03
1.083000000000000000e+03
8.020000000000000000e+02
7.440000000000000000e+02
1.402000000000000000e+03
8.880000000000000000e+02
9.920000000000000000e+02
7.890000000000000000e+02
8.750000000000000000e+02
6.750000000000000000e+02
4.510000000000000000e+02
8.130000000000000000e+02
6.650000000000000000e+02
6.420000000000000000e+02
6.520000000000000000e+02
6.690000000000000000e+02
5.310000000000000000e+02
3.000000000000000000e+02
3.970000000000000000e+02
5.840000000000000000e+02
5.930000000000000000e+02
5.160000000000000000e+02
4.160000000000000000e+02
3.550000000000000000e+02
1.780000000000000000e+02
3.180000000000000000e+02
3.210000000000000000e+02
1.770000000000000000e+02
5.180000000000000000e+02
2.700000000000000000e+02
1.970000000000000000e+02
2.800000000000000000e+02
2.830000000000000000e+02
2.020000000000000000e+02
3.790000000000000000e+02
1.630000000000000000e+02
3.460000000000000000e+02
3.380000000000000000e+02
3.010000000000000000e+02
2.100000000000000000e+02
3.280000000000000000e+02
3.310000000000000000e+02
2.980000000000000000e+02
2.640000000000000000e+02
2.240000000000000000e+02
2.210000000000000000e+02
1.130000000000000000e+02
5.770000000000000000e+02
2.960000000000000000e+02
2.550000000000000000e+02
1.750000000000000000e+02
1.740000000000000000e+02
1.260000000000000000e+02
1.420000000000000000e+02
1.820000000000000000e+02
2.010000000000000000e+02
2.230000000000000000e+02
2.350000000000000000e+02
1.920000000000000000e+02
2.080000000000000000e+02
1.370000000000000000e+02
1.930000000000000000e+02
2.140000000000000000e+02
2.760000000000000000e+02
1.880000000000000000e+02
2.340000000000000000e+02
1.690000000000000000e+02
1.140000000000000000e+02
1.620000000000000000e+02
2.300000000000000000e+02
2.310000000000000000e+02
2.490000000000000000e+02
2.180000000000000000e+02
1.900000000000000000e+02
1.280000000000000000e+02
2.800000000000000000e+02
3.060000000000000000e+02
2.520000000000000000e+02
2.740000000000000000e+02
2.540000000000000000e+02
1.680000000000000000e+02
2.020000000000000000e+02
2.880000000000000000e+02
3.820000000000000000e+02
3.790000000000000000e+02
2.950000000000000000e+02
2.380000000000000000e+02
1.590000000000000000e+02
1.900000000000000000e+02
3.840000000000000000e+02
4.010000000000000000e+02
5.520000000000000000e+02
3.470000000000000000e+02
4.630000000000000000e+02
2.590000000000000000e+02
