2.170000000000000000e+02
4.300000000000000000e+01
1.700000000000000000e+01
3.100000000000000000e+01
5.900000000000000000e+01
6.600000000000000000e+01
1.430000000000000000e+02
1.860000000000000000e+02
1.440000000000000000e+02
1.230000000000000000e+02
2.630000000000000000e+02
1.600000000000000000e+02
3.080000000000000000e+02
1.920000000000000000e+02
2.930000000000000000e+02
2.150000000000000000e+02
2.780000000000000000e+02
4.450000000000000000e+02
4.300000000000000000e+02
2.510000000000000000e+02
1.930000000000000000e+02
3.600000000000000000e+02
3.440000000000000000e+02
4.410000000000000000e+02
2.650000000000000000e+02
5.230000000000000000e+02
3.100000000000000000e+02
3.330000000000000000e+02
2.460000000000000000e+02
3.370000000000000000e+02
4.910000000000000000e+02
3.600000000000000000e+02
3.510000000000000000e+02
3.280000000000000000e+02
1.900000000000000000e+02
3.060000000000000000e+02
4.680000000000000000e+02
3.860000000000000000e+02
3.210000000000000000e+02
2.180000000000000000e+02
4.010000000000000000e+02
3.030000000000000000e+02
2.770000000000000000e+02
3.620000000000000000e+02
2.620000000000000000e+02
3.270000000000000000e+02
1.650000000000000000e+02
4.310000000000000000e+02
3.490000000000000000e+02
3.250000000000000000e+02
2.700000000000000000e+02
3.920000000000000000e+02
3.120000000000000000e+02
3.200000000000000000e+02
2.310000000000000000e+02
2.260000000000000000e+02
1.900000000000000000e+02
2.240000000000000000e+02
2.450000000000000000e+02
1.900000000000000000e+02
2.670000000000000000e+02
1.670000000000000000e+02
1.650000000000000000e+02
1.550000000000000000e+02
1.960000000000000000e+02
1.980000000000000000e+02
1.270000000000000000e+02
1.450000000000000000e+02
2.130000000000000000e+02
2.130000000000000000e+02
1.460000000000000000e+02
1.650000000000000000e+02
1.970000000000000000e+02
1.910000000000000000e+02
1.510000000000000000e+02
1.240000000000000000e+02
1.410000000000000000e+02
1.190000000000000000e+02
1.520000000000000000e+02
2.380000000000000000e+02
1.960000000000000000e+02
1.870000000000000000e+02
1.890000000000000000e+02
1.250000000000000000e+02
1.450000000000000000e+02
1.960000000000000000e+02
2.370000000000000000e+02
2.220000000000000000e+02
2.750000000000000000e+02
3.200000000000000000e+02
1.660000000000000000e+02
2.500000000000000000e+02
3.450000000000000000e+02
3.200000000000000000e+02
3.200000000000000000e+02
3.300000000000000000e+02
3.150000000000000000e+02
2.460000000000000000e+02
2.140000000000000000e+02
3.210000000000000000e+02
4.600000000000000000e+02
4.110000000000000000e+02
3.250000000000000000e+02
2.910000000000000000e+02
2.690000000000000000e+02
3.880000000000000000e+02
3.260000000000000000e+02
4.500000000000000000e+02
4.200000000000000000e+02
4.160000000000000000e+02
3.910000000000000000e+02
2.500000000000000000e+02
3.970000000000000000e+02
5.550000000000000000e+02
6.140000000000000000e+02
5.920000000000000000e+02
6.980000000000000000e+02
4.560000000000000000e+02
4.130000000000000000e+02
6.370000000000000000e+02
6.410000000000000000e+02
7.770000000000000000e+02
7.990000000000000000e+02
8.890000000000000000e+02
7.670000000000000000e+02
6.810000000000000000e+02
9.940000000000000000e+02
1.030000000000000000e+03
1.112000000000000000e+03
1.119000000000000000e+03
1.284000000000000000e+03
1.120000000000000000e+03
1.104000000000000000e+03
1.151000000000000000e+03
1.182000000000000000e+03
1.356000000000000000e+03
1.295000000000000000e+03
1.225000000000000000e+03
1.075000000000000000e+03
8.230000000000000000e+02
1.232000000000000000e+03
1.309000000000000000e+03
1.345000000000000000e+03
1.378000000000000000e+03
1.350000000000000000e+03
1.145000000000000000e+03
7.790000000000000000e+02
1.215000000000000000e+03
1.415000000000000000e+03
1.454000000000000000e+03
1.415000000000000000e+03
1.328000000000000000e+03
1.087000000000000000e+03
7.330000000000000000e+02
1.014000000000000000e+03
1.409000000000000000e+03
1.346000000000000000e+03
1.392000000000000000e+03
1.189000000000000000e+03
9.610000000000000000e+02
8.250000000000000000e+02
1.060000000000000000e+03
1.256000000000000000e+03
1.504000000000000000e+03
1.318000000000000000e+03
1.365000000000000000e+03
9.520000000000000000e+02
7.550000000000000000e+02
1.053000000000000000e+03
