1.000000000000000000e+00
0.000000000000000000e+00
0.000000000000000000e+00
0.000000000000000000e+00
0.000000000000000000e+00
0.000000000000000000e+00
0.000000000000000000e+00
0.000000000000000000e+00
0.000000000000000000e+00
0.000000000000000000e+00
0.000000000000000000e+00
0.000000000000000000e+00
0.000000000000000000e+00
0.000000000000000000e+00
0.000000000000000000e+00
0.000000000000000000e+00
0.000000000000000000e+00
0.000000000000000000e+00
0.000000000000000000e+00
0.000000000000000000e+00
0.000000000000000000e+00
0.000000000000000000e+00
1.000000000000000000e+00
1.000000000000000000e+00
8.000000000000000000e+00
3.000000000000000000e+00
0.000000000000000000e+00
5.000000000000000000e+00
1.300000000000000000e+01
3.000000000000000000e+01
2.500000000000000000e+01
5.900000000000000000e+01
3.300000000000000000e+01
4.600000000000000000e+01
1.010000000000000000e+02
9.800000000000000000e+01
1.960000000000000000e+02
1.510000000000000000e+02
1.520000000000000000e+02
7.100000000000000000e+01
6.900000000000000000e+01
8.300000000000000000e+01
1.190000000000000000e+02
1.450000000000000000e+02
1.430000000000000000e+02
1.800000000000000000e+02
1.360000000000000000e+02
1.180000000000000000e+02
1.820000000000000000e+02
2.300000000000000000e+02
3.140000000000000000e+02
2.860000000000000000e+02
3.650000000000000000e+02
3.000000000000000000e+02
2.800000000000000000e+02
4.160000000000000000e+02
4.740000000000000000e+02
4.860000000000000000e+02
5.540000000000000000e+02
6.020000000000000000e+02
3.570000000000000000e+02
3.400000000000000000e+02
3.890000000000000000e+02
7.390000000000000000e+02
6.540000000000000000e+02
6.450000000000000000e+02
4.540000000000000000e+02
3.950000000000000000e+02
4.640000000000000000e+02
4.370000000000000000e+02
4.790000000000000000e+02
6.040000000000000000e+02
6.230000000000000000e+02
6.890000000000000000e+02
5.320000000000000000e+02
3.880000000000000000e+02
4.610000000000000000e+02
7.070000000000000000e+02
7.230000000000000000e+02
7.580000000000000000e+02
7.810000000000000000e+02
4.730000000000000000e+02
3.000000000000000000e+02
5.630000000000000000e+02
7.420000000000000000e+02
7.990000000000000000e+02
6.360000000000000000e+02
5.320000000000000000e+02
2.990000000000000000e+02
2.610000000000000000e+02
4.770000000000000000e+02
6.570000000000000000e+02
7.450000000000000000e+02
7.850000000000000000e+02
7.010000000000000000e+02
5.090000000000000000e+02
2.790000000000000000e+02
4.550000000000000000e+02
7.540000000000000000e+02
6.980000000000000000e+02
6.570000000000000000e+02
6.880000000000000000e+02
3.580000000000000000e+02
2.590000000000000000e+02
4.300000000000000000e+02
6.660000000000000000e+02
8.080000000000000000e+02
6.100000000000000000e+02
5.320000000000000000e+02
4.030000000000000000e+02
2.100000000000000000e+02
4.900000000000000000e+02
7.460000000000000000e+02
8.000000000000000000e+02
7.740000000000000000e+02
7.730000000000000000e+02
4.320000000000000000e+02
2.650000000000000000e+02
6.480000000000000000e+02
9.000000000000000000e+02
1.046000000000000000e+03
1.039000000000000000e+03
1.146000000000000000e+03
7.800000000000000000e+02
4.620000000000000000e+02
6.770000000000000000e+02
9.370000000000000000e+02
1.437000000000000000e+03
1.293000000000000000e+03
1.329000000000000000e+03
1.032000000000000000e+03
4.180000000000000000e+02
6.850000000000000000e+02
1.209000000000000000e+03
1.457000000000000000e+03
1.494000000000000000e+03
1.209000000000000000e+03
6.980000000000000000e+02
3.210000000000000000e+02
8.000000000000000000e+02
1.309000000000000000e+03
1.696000000000000000e+03
1.276000000000000000e+03
1.204000000000000000e+03
7.550000000000000000e+02
4.150000000000000000e+02
7.260000000000000000e+02
8.080000000000000000e+02
6.850000000000000000e+02
6.870000000000000000e+02
6.940000000000000000e+02
3.640000000000000000e+02
3.150000000000000000e+02
2.510000000000000000e+02
2.780000000000000000e+02
5.330000000000000000e+02
3.340000000000000000e+02
3.690000000000000000e+02
3.080000000000000000e+02
1.060000000000000000e+02
1.700000000000000000e+02
3.120000000000000000e+02
2.870000000000000000e+02
2.680000000000000000e+02
2.840000000000000000e+02
1.910000000000000000e+02
1.100000000000000000e+02
1.310000000000000000e+02
2.260000000000000000e+02
