1.000000000000000000e+00
1.000000000000000000e+00
3.000000000000000000e+00
5.000000000000000000e+00
4.000000000000000000e+00
1.000000000000000000e+01
1.700000000000000000e+01
4.000000000000000000e+01
5.000000000000000000e+01
3.200000000000000000e+01
6.100000000000000000e+01
1.300000000000000000e+02
1.230000000000000000e+02
1.270000000000000000e+02
1.130000000000000000e+02
2.190000000000000000e+02
1.730000000000000000e+02
2.700000000000000000e+02
2.880000000000000000e+02
3.470000000000000000e+02
3.960000000000000000e+02
5.330000000000000000e+02
6.370000000000000000e+02
6.050000000000000000e+02
5.530000000000000000e+02
7.490000000000000000e+02
8.430000000000000000e+02
1.007000000000000000e+03
1.167000000000000000e+03
1.146000000000000000e+03
1.092000000000000000e+03
8.730000000000000000e+02
8.340000000000000000e+02
1.008000000000000000e+03
1.083000000000000000e+03
1.020000000000000000e+03
1.002000000000000000e+03
1.099000000000000000e+03
9.450000000000000000e+02
7.820000000000000000e+02
9.590000000000000000e+02
1.208000000000000000e+03
1.327000000000000000e+03
1.301000000000000000e+03
1.171000000000000000e+03
9.590000000000000000e+02
8.620000000000000000e+02
7.300000000000000000e+02
1.069000000000000000e+03
1.234000000000000000e+03
1.186000000000000000e+03
1.023000000000000000e+03
7.480000000000000000e+02
7.160000000000000000e+02
7.080000000000000000e+02
8.740000000000000000e+02
8.050000000000000000e+02
6.470000000000000000e+02
6.510000000000000000e+02
4.050000000000000000e+02
1.930000000000000000e+02
3.880000000000000000e+02
5.070000000000000000e+02
4.780000000000000000e+02
4.370000000000000000e+02
3.380000000000000000e+02
2.010000000000000000e+02
3.190000000000000000e+02
3.190000000000000000e+02
3.610000000000000000e+02
3.190000000000000000e+02
2.880000000000000000e+02
2.420000000000000000e+02
1.790000000000000000e+02
1.950000000000000000e+02
2.230000000000000000e+02
2.740000000000000000e+02
2.020000000000000000e+02
1.940000000000000000e+02
1.250000000000000000e+02
1.480000000000000000e+02
1.110000000000000000e+02
1.870000000000000000e+02
2.540000000000000000e+02
1.840000000000000000e+02
1.770000000000000000e+02
1.730000000000000000e+02
2.130000000000000000e+02
1.290000000000000000e+02
1.940000000000000000e+02
1.780000000000000000e+02
1.780000000000000000e+02
1.410000000000000000e+02
1.760000000000000000e+02
1.040000000000000000e+02
9.500000000000000000e+01
9.300000000000000000e+01
1.880000000000000000e+02
2.170000000000000000e+02
1.900000000000000000e+02
2.390000000000000000e+02
1.660000000000000000e+02
1.640000000000000000e+02
1.810000000000000000e+02
1.620000000000000000e+02
2.070000000000000000e+02
1.810000000000000000e+02
1.440000000000000000e+02
1.590000000000000000e+02
1.340000000000000000e+02
1.130000000000000000e+02
1.240000000000000000e+02
1.080000000000000000e+02
9.000000000000000000e+01
9.500000000000000000e+01
6.800000000000000000e+01
7.000000000000000000e+01
8.000000000000000000e+01
1.100000000000000000e+02
9.300000000000000000e+01
7.700000000000000000e+01
6.600000000000000000e+01
7.600000000000000000e+01
5.700000000000000000e+01
6.200000000000000000e+01
7.500000000000000000e+01
7.600000000000000000e+01
6.500000000000000000e+01
7.200000000000000000e+01
4.100000000000000000e+01
3.400000000000000000e+01
5.700000000000000000e+01
6.000000000000000000e+01
6.500000000000000000e+01
8.400000000000000000e+01
9.500000000000000000e+01
7.200000000000000000e+01
9.800000000000000000e+01
1.090000000000000000e+02
1.190000000000000000e+02
1.090000000000000000e+02
1.450000000000000000e+02
1.450000000000000000e+02
1.830000000000000000e+02
1.690000000000000000e+02
1.700000000000000000e+02
1.640000000000000000e+02
1.550000000000000000e+02
1.840000000000000000e+02
2.130000000000000000e+02
2.090000000000000000e+02
2.240000000000000000e+02
2.480000000000000000e+02
3.410000000000000000e+02
3.410000000000000000e+02
4.310000000000000000e+02
3.590000000000000000e+02
3.720000000000000000e+02
4.870000000000000000e+02
4.280000000000000000e+02
6.050000000000000000e+02
5.170000000000000000e+02
4.840000000000000000e+02
5.770000000000000000e+02
7.870000000000000000e+02
6.200000000000000000e+02
6.510000000000000000e+02
5.760000000000000000e+02
6.270000000000000000e+02
