1.000000000000000000e+00
0.000000000000000000e+00
4.000000000000000000e+00
1.000000000000000000e+00
5.000000000000000000e+00
6.000000000000000000e+00
5.000000000000000000e+00
9.000000000000000000e+00
2.000000000000000000e+01
1.700000000000000000e+01
3.600000000000000000e+01
2.100000000000000000e+01
5.200000000000000000e+01
6.100000000000000000e+01
4.900000000000000000e+01
6.800000000000000000e+01
7.000000000000000000e+01
1.110000000000000000e+02
9.800000000000000000e+01
1.150000000000000000e+02
1.520000000000000000e+02
1.500000000000000000e+02
1.700000000000000000e+02
1.680000000000000000e+02
2.490000000000000000e+02
2.240000000000000000e+02
1.930000000000000000e+02
2.560000000000000000e+02
2.430000000000000000e+02
3.920000000000000000e+02
4.370000000000000000e+02
2.440000000000000000e+02
4.750000000000000000e+02
3.110000000000000000e+02
4.350000000000000000e+02
3.570000000000000000e+02
3.700000000000000000e+02
3.800000000000000000e+02
4.010000000000000000e+02
3.180000000000000000e+02
2.600000000000000000e+02
2.680000000000000000e+02
3.800000000000000000e+02
3.360000000000000000e+02
4.610000000000000000e+02
3.630000000000000000e+02
5.450000000000000000e+02
3.060000000000000000e+02
2.630000000000000000e+02
3.130000000000000000e+02
3.420000000000000000e+02
3.810000000000000000e+02
3.810000000000000000e+02
3.440000000000000000e+02
2.850000000000000000e+02
3.160000000000000000e+02
4.220000000000000000e+02
2.370000000000000000e+02
2.280000000000000000e+02
2.700000000000000000e+02
3.180000000000000000e+02
3.130000000000000000e+02
4.250000000000000000e+02
3.090000000000000000e+02
3.070000000000000000e+02
3.190000000000000000e+02
2.850000000000000000e+02
3.450000000000000000e+02
3.300000000000000000e+02
5.950000000000000000e+02
2.830000000000000000e+02
4.110000000000000000e+02
4.010000000000000000e+02
2.410000000000000000e+02
2.720000000000000000e+02
3.560000000000000000e+02
3.830000000000000000e+02
4.710000000000000000e+02
4.040000000000000000e+02
4.760000000000000000e+02
3.120000000000000000e+02
3.950000000000000000e+02
3.050000000000000000e+02
4.430000000000000000e+02
3.990000000000000000e+02
3.520000000000000000e+02
3.300000000000000000e+02
4.160000000000000000e+02
2.150000000000000000e+02
3.790000000000000000e+02
2.300000000000000000e+02
2.920000000000000000e+02
3.610000000000000000e+02
3.710000000000000000e+02
5.670000000000000000e+02
5.750000000000000000e+02
5.990000000000000000e+02
4.000000000000000000e+02
1.970000000000000000e+02
4.440000000000000000e+02
3.760000000000000000e+02
4.400000000000000000e+02
3.750000000000000000e+02
3.960000000000000000e+02
4.070000000000000000e+02
5.060000000000000000e+02
3.140000000000000000e+02
3.010000000000000000e+02
3.040000000000000000e+02
3.110000000000000000e+02
2.960000000000000000e+02
3.000000000000000000e+02
2.940000000000000000e+02
2.980000000000000000e+02
2.760000000000000000e+02
3.190000000000000000e+02
1.930000000000000000e+02
2.470000000000000000e+02
2.390000000000000000e+02
3.820000000000000000e+02
3.710000000000000000e+02
2.590000000000000000e+02
3.140000000000000000e+02
2.310000000000000000e+02
2.050000000000000000e+02
2.570000000000000000e+02
2.770000000000000000e+02
2.620000000000000000e+02
2.650000000000000000e+02
3.050000000000000000e+02
3.700000000000000000e+02
2.990000000000000000e+02
2.670000000000000000e+02
2.640000000000000000e+02
3.330000000000000000e+02
3.530000000000000000e+02
3.390000000000000000e+02
3.580000000000000000e+02
2.790000000000000000e+02
3.990000000000000000e+02
3.800000000000000000e+02
4.180000000000000000e+02
4.580000000000000000e+02
5.840000000000000000e+02
4.430000000000000000e+02
3.370000000000000000e+02
5.020000000000000000e+02
5.120000000000000000e+02
6.150000000000000000e+02
6.570000000000000000e+02
6.580000000000000000e+02
5.480000000000000000e+02
5.750000000000000000e+02
6.800000000000000000e+02
6.400000000000000000e+02
7.260000000000000000e+02
8.090000000000000000e+02
8.430000000000000000e+02
6.240000000000000000e+02
6.190000000000000000e+02
5.510000000000000000e+02
7.150000000000000000e+02
8.110000000000000000e+02
8.320000000000000000e+02
7.710000000000000000e+02
5.940000000000000000e+02
5.950000000000000000e+02
5.970000000000000000e+02
7.350000000000000000e+02
