1.000000000000000000e+00
2.000000000000000000e+00
0.000000000000000000e+00
0.000000000000000000e+00
2.000000000000000000e+00
4.000000000000000000e+00
1.000000000000000000e+00
1.000000000000000000e+00
0.000000000000000000e+00
0.000000000000000000e+00
0.000000000000000000e+00
0.000000000000000000e+00
0.000000000000000000e+00
0.000000000000000000e+00
0.000000000000000000e+00
0.000000000000000000e+00
5.000000000000000000e+00
0.000000000000000000e+00
0.000000000000000000e+00
0.000000000000000000e+00
0.000000000000000000e+00
0.000000000000000000e+00
0.000000000000000000e+00
1.000000000000000000e+00
0.000000000000000000e+00
0.000000000000000000e+00
0.000000000000000000e+00
0.000000000000000000e+00
0.000000000000000000e+00
0.000000000000000000e+00
0.000000000000000000e+00
0.000000000000000000e+00
0.000000000000000000e+00
2.000000000000000000e+00
3.000000000000000000e+00
1.800000000000000000e+01
1.500000000000000000e+01
5.000000000000000000e+01
4.500000000000000000e+01
4.600000000000000000e+01
2.100000000000000000e+01
7.300000000000000000e+01
1.380000000000000000e+02
1.900000000000000000e+02
3.360000000000000000e+02
1.770000000000000000e+02
2.860000000000000000e+02
3.720000000000000000e+02
4.970000000000000000e+02
5.950000000000000000e+02
7.850000000000000000e+02
8.380000000000000000e+02
9.240000000000000000e+02
1.210000000000000000e+03
1.097000000000000000e+03
1.404000000000000000e+03
1.861000000000000000e+03
1.617000000000000000e+03
1.847000000000000000e+03
2.227000000000000000e+03
3.170000000000000000e+03
2.446000000000000000e+03
2.931000000000000000e+03
3.922000000000000000e+03
3.809000000000000000e+03
4.611000000000000000e+03
2.599000000000000000e+03
4.376000000000000000e+03
7.578000000000000000e+03
4.861000000000000000e+03
2.116000000000000000e+03
5.233000000000000000e+03
4.267000000000000000e+03
1.873000000000000000e+03
3.912000000000000000e+03
3.777000000000000000e+03
3.881000000000000000e+03
4.286000000000000000e+03
4.342000000000000000e+03
3.114000000000000000e+03
1.613000000000000000e+03
2.673000000000000000e+03
5.497000000000000000e+03
2.633000000000000000e+03
2.641000000000000000e+03
4.050000000000000000e+02
2.569000000000000000e+03
7.850000000000000000e+02
2.051000000000000000e+03
2.667000000000000000e+03
1.827000000000000000e+03
1.653000000000000000e+03
1.773000000000000000e+03
1.537000000000000000e+03
4.610000000000000000e+02
1.195000000000000000e+03
1.520000000000000000e+03
1.152000000000000000e+03
1.139000000000000000e+03
6.040000000000000000e+02
7.940000000000000000e+02
3.080000000000000000e+02
5.760000000000000000e+02
1.104000000000000000e+03
4.183000000000000000e+03
6.290000000000000000e+02
6.420000000000000000e+02
4.330000000000000000e+02
2.090000000000000000e+02
4.560000000000000000e+02
7.080000000000000000e+02
5.070000000000000000e+02
6.220000000000000000e+02
5.630000000000000000e+02
3.720000000000000000e+02
1.200000000000000000e+02
4.920000000000000000e+02
5.240000000000000000e+02
4.180000000000000000e+02
3.180000000000000000e+02
3.930000000000000000e+02
2.500000000000000000e+02
1.150000000000000000e+02
3.580000000000000000e+02
2.760000000000000000e+02
1.910000000000000000e+02
3.325000000000000000e+03
5.970000000000000000e+02
1.828000000000000000e+03
2.570000000000000000e+02
3.380000000000000000e+02
3.450000000000000000e+02
3.520000000000000000e+02
7.670000000000000000e+02
6.110000000000000000e+02
5.790000000000000000e+02
3.430000000000000000e+02
2.110000000000000000e+02
4.030000000000000000e+02
5.450000000000000000e+02
4.250000000000000000e+02
7.260000000000000000e+02
5.260000000000000000e+02
4.070000000000000000e+02
1.520000000000000000e+02
3.440000000000000000e+02
4.580000000000000000e+02
4.670000000000000000e+02
8.110000000000000000e+02
6.410000000000000000e+02
2.840000000000000000e+02
3.730000000000000000e+02
5.170000000000000000e+02
8.100000000000000000e+01
0.000000000000000000e+00
1.588000000000000000e+03
0.000000000000000000e+00
0.000000000000000000e+00
1.324000000000000000e+03
5.410000000000000000e+02
9.180000000000000000e+02
6.590000000000000000e+02
5.820000000000000000e+02
7.510000000000000000e+02
4.480000000000000000e+02
1.760000000000000000e+02
4.750000000000000000e+02
6.630000000000000000e+02
6.210000000000000000e+02
