1.900000000000000000e+01
1.900000000000000000e+01
3.400000000000000000e+01
5.300000000000000000e+01
8.100000000000000000e+01
1.100000000000000000e+02
2.700000000000000000e+01
6.400000000000000000e+01
9.400000000000000000e+01
9.900000000000000000e+01
1.740000000000000000e+02
2.500000000000000000e+02
3.380000000000000000e+02
1.790000000000000000e+02
2.140000000000000000e+02
3.870000000000000000e+02
4.220000000000000000e+02
5.340000000000000000e+02
7.130000000000000000e+02
6.620000000000000000e+02
4.690000000000000000e+02
4.860000000000000000e+02
1.328000000000000000e+03
1.195000000000000000e+03
1.199000000000000000e+03
1.363000000000000000e+03
1.518000000000000000e+03
8.440000000000000000e+02
6.830000000000000000e+02
1.738000000000000000e+03
1.681000000000000000e+03
1.516000000000000000e+03
1.478000000000000000e+03
1.694000000000000000e+03
9.220000000000000000e+02
6.650000000000000000e+02
1.934000000000000000e+03
1.515000000000000000e+03
1.598000000000000000e+03
2.239000000000000000e+03
2.336000000000000000e+03
1.029000000000000000e+03
5.240000000000000000e+02
5.370000000000000000e+02
1.560000000000000000e+03
1.633000000000000000e+03
1.674000000000000000e+03
1.394000000000000000e+03
7.220000000000000000e+02
4.430000000000000000e+02
1.276000000000000000e+03
1.270000000000000000e+03
7.770000000000000000e+02
9.760000000000000000e+02
8.110000000000000000e+02
3.880000000000000000e+02
2.050000000000000000e+02
7.550000000000000000e+02
5.690000000000000000e+02
5.220000000000000000e+02
5.860000000000000000e+02
2.370000000000000000e+02
2.860000000000000000e+02
1.400000000000000000e+02
6.700000000000000000e+02
5.460000000000000000e+02
5.520000000000000000e+02
4.420000000000000000e+02
4.830000000000000000e+02
2.400000000000000000e+02
1.180000000000000000e+02
4.760000000000000000e+02
3.950000000000000000e+02
3.210000000000000000e+02
3.050000000000000000e+02
3.460000000000000000e+02
1.470000000000000000e+02
8.100000000000000000e+01
3.170000000000000000e+02
2.920000000000000000e+02
3.850000000000000000e+02
7.000000000000000000e+01
2.480000000000000000e+02
1.230000000000000000e+02
7.500000000000000000e+01
3.140000000000000000e+02
2.020000000000000000e+02
1.820000000000000000e+02
1.710000000000000000e+02
1.650000000000000000e+02
6.100000000000000000e+01
4.900000000000000000e+01
5.900000000000000000e+01
1.810000000000000000e+02
1.590000000000000000e+02
1.720000000000000000e+02
1.540000000000000000e+02
6.900000000000000000e+01
5.300000000000000000e+01
1.520000000000000000e+02
1.450000000000000000e+02
1.190000000000000000e+02
9.500000000000000000e+01
8.900000000000000000e+01
4.900000000000000000e+01
2.200000000000000000e+01
1.470000000000000000e+02
9.900000000000000000e+01
1.230000000000000000e+02
1.080000000000000000e+02
1.210000000000000000e+02
5.000000000000000000e+01
2.000000000000000000e+01
1.430000000000000000e+02
1.100000000000000000e+02
1.000000000000000000e+02
7.600000000000000000e+01
1.130000000000000000e+02
4.100000000000000000e+01
2.400000000000000000e+01
1.270000000000000000e+02
1.000000000000000000e+02
1.350000000000000000e+02
9.300000000000000000e+01
9.400000000000000000e+01
6.400000000000000000e+01
2.400000000000000000e+01
1.120000000000000000e+02
9.900000000000000000e+01
1.370000000000000000e+02
1.240000000000000000e+02
1.270000000000000000e+02
6.200000000000000000e+01
4.300000000000000000e+01
2.240000000000000000e+02
2.070000000000000000e+02
2.600000000000000000e+02
2.260000000000000000e+02
2.740000000000000000e+02
1.300000000000000000e+02
6.400000000000000000e+01
4.430000000000000000e+02
1.450000000000000000e+02
5.530000000000000000e+02
4.390000000000000000e+02
4.960000000000000000e+02
2.290000000000000000e+02
1.840000000000000000e+02
5.950000000000000000e+02
6.850000000000000000e+02
7.030000000000000000e+02
6.350000000000000000e+02
6.840000000000000000e+02
3.090000000000000000e+02
1.480000000000000000e+02
7.940000000000000000e+02
8.130000000000000000e+02
7.670000000000000000e+02
7.690000000000000000e+02
7.710000000000000000e+02
3.040000000000000000e+02
1.220000000000000000e+02
8.730000000000000000e+02
7.180000000000000000e+02
6.090000000000000000e+02
6.690000000000000000e+02
5.870000000000000000e+02
1.630000000000000000e+02
1.320000000000000000e+02
